0.000000 
12.794613 
23.569024 
32.996633 
52.525253 
66.666667 
82.154882 
95.622896 
105.723906 
127.272727 
141.414141 
164.983165 
178.451178 
187.878788 
185.185185 
136.700337 
98.989899 
57.912458 
37.037037 
11.447811 
-4.713805 
-23.569024 
-41.750842 
-59.259259 
-74.074074 
-94.276094 
-109.090909 
-125.925926 
-142.087542 
-156.902357 
-159.595960 
-158.249158 
-117.171717 
-77.441077 
-50.505051 
-16.161616 
19.528620 
26.262626 
-6.060606 
-24.242424 
-49.158249 
-60.606061 
-67.340067 
-32.996633 
5.387205 
34.343434 
72.727273 
105.050505 
179.124579 
156.902357 
119.191919 
80.808081 
45.117845 
34.343434 
-18.855219 
-40.404040 
-89.562290 
-101.683502 
-54.545455 
-17.508418 
4.713805 
26.936027 
34.343434 
27.609428 
3.367003 
-16.835017 
-41.750842 
-54.545455 
-54.545455 
-37.037037 
-16.835017 
10.101010 
18.181818 
12.794613 
-7.407407 
-24.242424 
-43.771044 
-52.525253 
-30.976431 
-16.835017 
10.774411 
26.262626 
37.037037 
53.198653 
38.383838 
15.488215 
3.367003 
-14.814815 
-24.915825 
-26.262626 
-14.141414 
-3.367003 
6.060606 
5.387205 
-8.080808 
-9.427609 
0.673401 
6.060606 
-4.040404 
-15.488215 
6.060606 
34.343434 
-3.367003 
-49.831650 
-97.643098 
-61.952862 
4.713805 
28.956229 
0.673401 
-46.464646 
-89.562290 
-134.006734 
-166.329966 
-138.047138 
-44.444444 
8.754209 
63.299663 
136.026936 
174.410774 
191.919192 
150.841751 
81.481481 
37.037037 
-59.932660 
-126.599327 
-186.531987 
-200.673401 
-160.942761 
-130.639731 
-116.498316 
-148.821549 
-163.636364 
-115.151515 
-74.074074 
-12.794613 
-51.178451 
-57.239057 
-6.060606 
49.831650 
109.764310 
130.639731 
107.070707 
94.949495 
144.107744 
170.370370 
187.878788 
142.087542 
49.158249 
-34.343434 
-101.010101 
-174.410774 
-200.000000 
-170.370370 
-127.272727 
-83.501684 
-50.505051 
-10.101010 
53.198653 
96.296296 
139.393939 
167.676768 
179.797980 
177.777778 
140.067340 
103.703704 
74.074074 
41.077441 
5.387205 
-19.528620 
-51.851852 
-74.074074 
-119.191919 
-131.313131 
-156.228956 
-156.902357 
-132.659933 
-65.319865 
-39.730640 
32.323232 
45.791246 
6.060606 
-27.609428 
-46.464646 
-64.646465 
-68.013468 
-36.363636 
-12.121212 
18.181818 
32.996633 
32.323232 
-7.407407 
-23.569024 
-43.097643 
-35.690236 
-8.080808 
14.141414 
29.629630 
38.383838 
26.262626 
10.101010 
3.367003 
-10.101010 
-21.548822 
-29.629630 
-31.649832 
-18.855219 
2.020202 
23.569024 
33.670034 
41.077441 
34.343434 
10.101010 
-4.713805 
-19.528620 
-22.895623 
1.346801 
24.915825 
12.794613 
-5.387205 
-22.222222 
-27.609428 
-4.713805 
19.528620 
24.242424 
6.060606 
-7.407407 
-16.835017 
-16.835017 
12.794613 
16.835017 
-14.814815 
-22.222222 
-32.323232 
-58.585859 
-38.383838 
10.774411 
38.383838 
91.582492 
105.723906 
140.740741 
113.804714 
67.340067 
26.262626 
-8.080808 
-50.505051 
-81.481481 
-78.787879 
-39.057239 
12.121212 
55.218855 
99.663300 
118.518519 
152.861953 
171.717172 
191.245791 
200.000000 
176.430976 
119.191919 
84.848485 
53.198653 
15.488215 
-28.956229 
-73.400673 
-110.437710 
-137.373737 
-160.269360 
-175.757576 
-193.265993 
-195.286195 
-195.286195 
-179.797980 
-142.087542 
-123.232323 
-73.400673 
-45.117845 
-12.121212 
2.020202 
173.063973 
156.902357 
127.272727 
103.030303 
61.279461 
42.424242 
15.488215 
-7.407407 
-26.936027 
-49.831650 
-74.747475 
-105.723906 
-131.313131 
-150.168350 
-164.309764 
-164.309764 
-151.515152 
-143.434343 
-109.764310 
-103.030303 
-88.888889 
-69.360269 
-43.097643 
-10.101010 
10.101010 
50.505051 
107.070707 
161.616162 
162.289562 
125.925926 
107.744108 
65.993266 
-15.488215 
-80.134680 
-139.393939 
-159.595960 
-97.643098 
-65.319865 
-15.488215 
63.299663 
121.885522 
115.824916 
28.956229 
-24.242424 
-63.299663 
-35.690236 
-3.367003 
46.464646 
91.582492 
115.151515 
115.151515 
66.666667 
17.508418 
-17.508418 
-49.831650 
-52.525253 
-4.713805 
19.528620 
-13.468013 
-24.915825 
0.673401 
9.427609 
16.161616 
1.346801 
-6.060606 
-10.774411 
11.447811 
22.222222 
24.915825 
-29.629630 
-54.545455 
-10.101010 
16.161616 
39.730640 
68.013468 
31.649832 
-10.774411 
-46.464646 
-52.525253 
3.367003 
66.666667 
121.885522 
38.383838 
-20.875421 
-91.582492 
-125.925926 
-44.444444 
4.040404 
80.134680 
117.171717 
114.478114 
38.383838 
6.060606 
-36.363636 
-68.686869 
-94.949495 
-116.498316 
-131.313131 
-130.639731 
-68.013468 
-49.158249 
-15.488215 
-3.367003 
28.956229 
34.343434 
49.158249 
74.074074 
101.683502 
127.946128 
145.454545 
157.575758 
178.451178 
171.717172 
137.373737 
92.255892 
89.562290 
92.929293 
75.420875 
46.464646 
23.569024 
-3.367003 
-32.996633 
-65.319865 
-109.090909 
-134.006734 
-103.703704 
-88.888889 
-79.461279 
-22.895623 
39.730640 
82.828283 
148.821549 
190.572391 
180.471380 
136.700337 
98.316498 
62.626263 
7.407407 
-27.609428 
-56.565657 
-99.663300 
-115.151515 
-105.723906 
-66.666667 
-54.545455 
-17.508418 
10.101010 
58.585859 
84.175084 
142.760943 
172.390572 
178.451178 
135.353535 
79.461279 
39.730640 
-9.427609 
-37.037037 
-90.235690 
-127.272727 
-152.188552 
-189.225589 
-187.878788 
-169.023569 
-126.599327 
-114.478114 
-66.666667 
-12.794613 
26.936027 
75.420875 
123.232323 
164.983165 
188.552189 
165.656566 
129.966330 
80.134680 
46.464646 
10.774411 
-22.222222 
-48.484848 
-82.154882 
-116.498316 
-146.127946 
-158.249158 
-124.579125 
-85.521886 
-45.791246 
-12.121212 
-3.367003 
30.303030 
52.525253 
43.771044 
28.956229 
4.040404 
-19.528620 
-32.996633 
-28.956229 
-11.447811 
6.060606 
17.508418 
23.569024 
9.427609 
-8.754209 
-15.488215 
-22.222222 
-6.060606 
12.794613 
18.181818 
-1.346801 
-14.141414 
-4.713805 
17.508418 
-10.101010 
-7.407407 
4.713805 
-8.754209 
22.222222 
10.101010 
-20.875421 
-10.101010 
12.121212 
-13.468013 
3.367003 
11.447811 
-24.915825 
-5.387205 
6.734007 
-12.794613 
-32.996633 
-3.367003 
6.060606 
-14.141414 
12.794613 
-38.383838 
-10.101010 
13.468013 
31.649832 
41.750842 
35.690236 
7.407407 
-22.222222 
-43.771044 
-35.690236 
-2.020202 
26.262626 
45.791246 
58.585859 
64.646465 
38.383838 
19.528620 
-0.673401 
-23.569024 
-43.771044 
-45.117845 
-18.855219 
0.673401 
21.548822 
55.892256 
66.666667 
75.420875 
38.383838 
-10.774411 
-44.444444 
-66.666667 
-51.851852 
-10.101010 
43.771044 
92.255892 
129.966330 
144.781145 
72.727273 
8.754209 
-66.666667 
-124.579125 
-129.966330 
-152.188552 
-109.090909 
-39.730640 
35.016835 
125.925926 
182.491582 
144.107744 
74.074074 
6.060606 
-51.851852 
-97.643098 
-129.292929 
-160.942761 
-186.531987 
-198.653199 
-201.346801 
-187.878788 
-173.063973 
-134.006734 
-95.622896 
-56.565657 
3.367003 
42.424242 
84.175084 
144.107744 
181.144781 
200.000000 
183.838384 
173.737374 
151.515152 
123.905724 
97.643098 
70.707071 
30.303030 
-9.427609 
-49.158249 
-66.666667 
-90.909091 
-105.723906 
-125.252525 
-154.882155 
-151.515152 
-138.047138 
-74.074074 
-27.609428 
8.754209 
69.360269 
110.437710 
109.090909 
82.154882 
46.464646 
3.367003 
-43.771044 
-74.747475 
-96.296296 
-72.053872 
-53.198653 
-14.141414 
30.976431 
58.585859 
78.787879 
71.380471 
28.956229 
4.713805 
-26.936027 
-56.565657 
-17.508418 
-2.020202 
28.956229 
26.936027 
6.060606 
-9.427609 
-14.141414 
10.101010 
15.488215 
3.367003 
-9.427609 
-8.754209 
6.734007 
-9.427609 
-6.734007 
4.040404 
1.346801 
0.673401 
0.673401 
0.673401 
0.673401 
0.673401 
0.673401 
1.346801 
