N	27	143	143	255
C	30	200	200	200
O	26	240	0	0
H	14	250	250	255
Be	35	20	0	180
B	34	40	0	160
F	25	218	165	32
Na	61	0	0	255
Mg	53	34	139	34
Al	49	128	128	144
Si	46	218	165	32
P	43	255	165	0
S	41	218	165	32
Cl	39	0   255 0
K	79	180	20	0
Ca	68	128 128 144
Sc	56	140	60	0
Ti	51	128 128 144
V	48	100	100	0
Cr	46	128 128 144
Mn	46	128 128 144
Fe	46	255 165 0
Co	45	20	180	0
Ni	45	165 42  42
Cu	46	165 42  42
Zn	49	165 42  42
Ga	49	0	140	60
Ge	48	0	120	80
As	47	0	100	100
Se	46	0	80	120
Br	44	165 42  42
Rb	84	0	40	160
Ba	77	255 165 0
Ru	49	0	230	0
